booster=dart
learning_rate=0.039487661786745495
max_depth=8
min_child_weight=2
gamma=5.579923652405247e-07
subsample=0.6338886286800579
colsample_bytree=0.9492910851479013
colsample_bylevel=0.8290914962954299
alpha=8.30116641344735e-08
lambda=0.675573588344635
scale_pos_weight=0.5076879455915425
max_delta_step=8
sample_type=weighted
normalize_type=tree
rate_drop=0.4506485242228389
skip_drop=0.005687946418344986
objective=binary:logistic
eval_metric=auc
tree_method=hist
random_state=42
