booster=gbtree
learning_rate=0.007421999646952529
max_depth=6
min_child_weight=6
gamma=0.0006893157915567335
subsample=0.7496599798876842
colsample_bytree=0.9830646927583103
colsample_bylevel=0.682658170842527
alpha=1.632308504987774e-05
lambda=0.00906363563816828
scale_pos_weight=0.5004860229955865
max_delta_step=2
objective=binary:logistic
eval_metric=auc
tree_method=hist
random_state=42
