booster=dart
learning_rate=0.014212836137464876
max_depth=5
min_child_weight=2
gamma=9.700930817090788e-07
subsample=0.9275819902528477
colsample_bytree=0.7834027192715409
colsample_bylevel=0.96416974548915
alpha=3.351197105141755e-07
lambda=1.2361536852223843e-07
scale_pos_weight=0.5042662966165883
max_delta_step=3
sample_type=weighted
normalize_type=tree
rate_drop=0.2255791909081917
skip_drop=0.12919558255098362
objective=binary:logistic
eval_metric=auc
tree_method=hist
random_state=42
