booster=gbtree
learning_rate=0.001573092577314763
max_depth=3
min_child_weight=1
gamma=6.52193417642256e-05
subsample=0.8222750633218344
colsample_bytree=0.9783123200091527
colsample_bylevel=0.9932248668128132
alpha=1.6289290264125855e-06
lambda=2.574469320331058e-06
scale_pos_weight=1.22558113151285
max_delta_step=7
objective=binary:logistic
eval_metric=auc
tree_method=hist
random_state=42
