booster=gbtree
learning_rate=0.010780807646441983
max_depth=3
min_child_weight=10
gamma=0.13872306351365185
subsample=0.7848960103178781
colsample_bytree=0.9545317236634181
colsample_bylevel=0.7840497259135182
alpha=8.394007983831243e-08
lambda=0.20898756828433487
scale_pos_weight=0.5321100794370492
max_delta_step=10
objective=binary:logistic
eval_metric=auc
tree_method=hist
random_state=42
