booster=dart
learning_rate=0.01633105843367605
max_depth=11
min_child_weight=10
gamma=0.0003593334881871616
subsample=0.8216420699165512
colsample_bytree=0.8287191732288253
colsample_bylevel=0.7701174459016772
alpha=0.005321956495624092
lambda=5.408288815210926e-08
scale_pos_weight=0.7229322834812494
max_delta_step=0
sample_type=weighted
normalize_type=forest
rate_drop=0.32344342718781965
skip_drop=0.21488273419106368
objective=binary:logistic
eval_metric=auc
tree_method=hist
random_state=42
