booster=dart
learning_rate=0.02411797970434515
max_depth=3
min_child_weight=10
gamma=1.9986873774359534e-08
subsample=0.9767719935574937
colsample_bytree=0.7535810062575593
colsample_bylevel=0.9345732025657693
alpha=0.00018699650076141916
lambda=1.6532997671328706e-07
scale_pos_weight=0.5349043672760914
max_delta_step=10
sample_type=uniform
normalize_type=tree
rate_drop=0.08130493266971194
skip_drop=0.4668572746844699
objective=binary:logistic
eval_metric=auc
tree_method=hist
random_state=42
