booster=dart
learning_rate=0.09944607200429839
max_depth=3
min_child_weight=4
gamma=6.947686277948826e-07
subsample=0.6408339707741463
colsample_bytree=0.9409770882565954
colsample_bylevel=0.8886451541176206
alpha=8.979232066356528e-05
lambda=1.8395329280118372e-05
scale_pos_weight=0.9255068742215686
max_delta_step=1
sample_type=weighted
normalize_type=forest
rate_drop=0.4340329679487335
skip_drop=0.10449293163288875
objective=binary:logistic
eval_metric=auc
tree_method=hist
random_state=42
