booster=dart
learning_rate=0.07203748537606251
max_depth=9
min_child_weight=4
gamma=0.009372590959446595
subsample=0.8632423810755968
colsample_bytree=0.7846949354260241
colsample_bylevel=0.9348941239570844
alpha=0.011240087096139896
lambda=0.34423269852862026
scale_pos_weight=0.5348963674793722
max_delta_step=1
sample_type=uniform
normalize_type=forest
rate_drop=0.3000163105760573
skip_drop=0.23560546153079528
objective=binary:logistic
eval_metric=auc
tree_method=hist
random_state=42
