booster=dart
learning_rate=0.04740129549880689
max_depth=7
min_child_weight=7
gamma=0.02806995882753236
subsample=0.8899071403651606
colsample_bytree=0.9635026969719855
colsample_bylevel=0.711556346411755
alpha=0.012431115772783385
lambda=1.3047161879971827e-07
scale_pos_weight=0.8742580816173828
max_delta_step=2
sample_type=uniform
normalize_type=forest
rate_drop=0.28248990720471595
skip_drop=0.23936792215999214
objective=binary:logistic
eval_metric=auc
tree_method=hist
random_state=42
